61700316
61700359
61700393
61700394
61700395
61700396
61700586
61700587
61700588
61700589
61700590
61700591
61700686
61700687
61710392
61710393
61710405
61710406
61710407
61710411
61710412
61710424
61710454
61710461
61710885
61710886
61710887
61710888
61710889
61710890
61710915
61711363
61711364
61711365
61711381
61711382
61711383
61711384
61711390
61711431
61711452
61711453
61711491
61712790
61712794
61712795
61712796
61712797
61712800
61712804
61712805
61712809
61712810
61712811
61712812
61712813
61712814
61712815
61712816
61712817
61712818
61712819
61712820
61712821
61712822
61712823
61712824
61712825
61712826
61712827
61712828
61712829
61712830
61712831
61712832
61712833
61712834
61712835
61712837
61712840
61712844
61712845
61712846
61712850
61712851
61712854
61712855
61712856
61712858
61712859
61712866
61712867
61712868
61712869
61712870
61712877
61712878
61712879
61712880
61712881
61712882
61712883
61712884
61712885
61712886
61714965
61716291
61716292
61716293
61716295
61716298
61718116
61718117
61718118
61718119
61718120
61718121
61718122
61718123
61718124
61718125
61718126
61718127
61719111
61719112
61719113
61719114
61740141
61740334
61740335
61740351
61740352
61740353
61740354
61770090
61770139
61770241
61819021
61819023
70100015
70100016
70100017
70100018
70100019
70100020
70100021
70111558
70111561
70111630
70111637
70111638
70111640
70111641
70111642
70111643
70111644
70111645
70111646
70111647
70111648
70111649
70111651
70111657
70111658
70111659
70111660
70111691
70111692
70111693
70111694
70111695
70111696
70111697
70111698
70111700
70111701
70111706
70111707
70111708
70111712
70111713
70112458
70112459
70112460
70112461
70112462
70112559
70112571
70112578
70112579
70112601
70112606
70112607
70112614
70112615
70112622
70112623
70112629
70112630
70112631
70112632
70112634
70112635
70112636
70112637
70112638
70112639
70112641
70113401
70113450
70113465
70113913
70113918
70113919
70113920
70113922
70113923
70113924
70113925
70113926
70113927
70113937
70113938
70113939
70113940
70113941
70113942
70113943
70113944
70113945
70113946
70113947
70113948
70113949
70113950
70113951
70113952
70113953
70113954
70113955
70113956
70114170
70114171
70114172
70114173
70114176
70114213
70114225
70114226
70114227
70114228
70114229
70114230
70114231
70114232
70114233
70114234
70114235
70114236
70114238
70114495
70114496
70114659
70118001
70118002
70118003
70118004
70118005
70118006
70118007
70118008
70118009
70118010
70118011
70118014
70118015
70118016
70118017
70118018
70118019
70118021
70119011
70119012
70119013
70119014
70119015
70119022
70119023
70119024
70119025
70119026
70119027
70119028
70119029
70119304
70119305
70119309
70140021
70140022
70140023
70140105
70140106
70140107
70140126
70140127
70140128
70140129
70170012
70170071
70170073
70170075
70170076
70170125
